ply
format ascii 1.0
element vertex 1905
property float x
property float y
property float z
end_header
nan nan nan
nan nan nan
nan nan nan
0.343829870223999 -0.279252678155899 0.1221730485558509
1.882876753807068 -5.619210243225098 -7.541313648223877
nan nan nan
nan nan nan
nan nan nan
0.3054326176643371 -0.2286381274461746 0.162315621972084
1.7161637544631958 -5.57017707824707 -7.717833518981934
nan nan nan
nan nan nan
nan nan nan
0.2635447084903717 -0.1448623239994049 0.1588249653577804
1.8534568548202517 -5.815343379974365 -8.345458984375
nan nan nan
nan nan nan
nan nan nan
0.3892084062099457 0.0610865242779254 0.1413716673851013
1.7455836534500122 -6.031089782714844 -8.080678939819336
nan nan nan
nan nan nan
nan nan nan
0.5654866695404053 -0.2757620215415954 0.162315621972084
1.4709974527359009 -6.16838264465332 -7.247114181518555
nan nan nan
nan nan nan
nan nan nan
0.4590215981006622 -0.2635447084903717 0.0977384373545646
1.0689247846603394 -6.305675983428955 -6.903881549835205
nan nan nan
nan nan nan
nan nan nan
0.4223696887493133 -0.3700098097324371 0.0383972451090812
1.1669913530349731 -6.541035175323486 -5.991862773895264
nan nan nan
nan nan nan
nan nan nan
0.2932153046131134 -0.279252678155899 0.0349065847694873
1.3042844533920288 -6.776394844055176 -5.746696949005127
nan nan nan
nan nan nan
nan nan nan
0.1186823844909668 -0.0610865242779254 0.0052359877154231
1.2650578022003174 -7.247114181518555 -5.854569911956787
nan nan nan
nan nan nan
nan nan nan
-0.0139626339077949 0.0087266461923718 -0.0471238903701305
1.019891619682312 -7.060787677764893 -6.952914714813232
nan nan nan
nan nan nan
nan nan nan
-0.0139626339077949 0.0087266461923718 -0.0471238903701305
1.019891619682312 -7.060787677764893 -6.952914714813232
nan nan nan
nan nan nan
nan nan nan
0.0610865242779254 -0.2373647689819336 -0.0698131695389747
0.4707191884517669 -6.815621376037598 -7.531507015228271
nan nan nan
nan nan nan
nan nan nan
0.46774822473526 0.1308996975421905 -0.1186823844909668
0.4707191884517669 -6.619488716125488 -7.541313648223877
nan nan nan
nan nan nan
nan nan nan
0.59690260887146 0.1012290939688682 -0.1884955614805221
0.627625584602356 -6.570455551147461 -6.070316314697266
nan nan nan
nan nan nan
nan nan nan
0.3368485569953918 0.0296705961227417 -0.1448623239994049
1.235637903213501 -7.25692081451416 -5.629016876220703
nan nan nan
nan nan nan
nan nan nan
0.2059488445520401 0.0610865242779254 0.1151917278766632
0.4903324842453003 -8.198359489440918 -6.29586935043335
nan nan nan
nan nan nan
nan nan nan
0.3281219005584717 -0.153588980436325 0.1239183768630027
0.6178189516067505 -8.110099792480469 -7.345180511474609
nan nan nan
nan nan nan
nan nan nan
0.3700098097324371 -0.1448623239994049 0.0802851468324661
0.4020726382732391 -7.982613086700439 -7.619766712188721
nan nan nan
nan nan nan
nan nan nan
0.3857177495956421 0.0645771846175193 0.153588980436325
0.5785923600196838 -7.717833518981934 -6.384129047393799
nan nan nan
nan nan nan
nan nan nan
0.4415682852268219 0.1500983089208603 0.0785398185253143
0.2059396505355835 -8.002225875854492 -5.3053975105285645
nan nan nan
nan nan nan
nan nan nan
0.2146755009889602 0.0506145469844341 -0.1500983089208603
0.990471601486206 -7.864933013916016 -5.383850574493408
nan nan nan
nan nan nan
nan nan nan
-0.0471238903701305 0.1588249653577804 -0.2059488445520401
0.7354987263679504 -7.85512638092041 -6.001669883728027
nan nan nan
nan nan nan
nan nan nan
-0.1500983089208603 0.1396263390779495 -0.279252678155899
1.010084867477417 -7.521700382232666 -5.521143913269043
nan nan nan
nan nan nan
nan nan nan
-0.2530727386474609 0.0977384373545646 -0.2670353651046753
1.1375713348388672 -7.3059539794921875 -5.3053975105285645
nan nan nan
nan nan nan
nan nan nan
-0.2286381274461746 0.1064650863409042 -0.1326450258493423
1.0493115186691284 -7.384407043457031 -5.403463840484619
nan nan nan
nan nan nan
nan nan nan
-0.0296705961227417 -0.162315621972084 -0.0174532923847436
1.098344802856445 -7.717833518981934 -5.65843677520752
nan nan nan
nan nan nan
nan nan nan
0.0104719754308462 -0.0645771846175193 0.1308996975421905
1.059118151664734 -7.85512638092041 -6.472388744354248
nan nan nan
nan nan nan
nan nan nan
0.0383972451090812 0.0139626339077949 0.1378810107707977
0.990471601486206 -7.923772811889648 -6.805814743041992
nan nan nan
nan nan nan
nan nan nan
0.0767944902181625 0.0418879017233848 0.1204277202486991
1.059118151664734 -7.992419719696045 -6.756781578063965
nan nan nan
nan nan nan
nan nan nan
0.1047197580337524 0.0209439508616924 0.0890117883682251
0.990471601486206 -7.668799877166748 -5.933022975921631
nan nan nan
nan nan nan
nan nan nan
-0.1012290939688682 0.0436332300305366 -0.0349065847694873
0.9120184183120728 -7.639379978179932 -5.030811309814453
nan nan nan
nan nan nan
nan nan nan
-0.1832595765590667 -0.0279252678155899 -0.0139626339077949
0.9806649684906006 -7.845319747924805 -5.521143913269043
nan nan nan
nan nan nan
nan nan nan
-0.1134463995695114 -0.0349065847694873 0.0471238903701305
0.9120184183120728 -7.864933013916016 -6.001669883728027
nan nan nan
nan nan nan
nan nan nan
0.0471238903701305 -0.0750491544604301 0.0471238903701305
0.9218250513076782 -7.943386077880859 -6.580262184143066
nan nan nan
nan nan nan
nan nan nan
0.1745329201221466 -0.1186823844909668 0.0052359877154231
0.9512450098991394 -7.786479949951172 -6.129156112670898
nan nan nan
nan nan nan
nan nan nan
0.1221730485558509 -0.0750491544604301 -0.0226892791688442
0.9120184183120728 -7.717833518981934 -5.80553674697876
nan nan nan
nan nan nan
nan nan nan
0.0523598790168762 0.0 -0.0471238903701305
0.9512450098991394 -7.74725341796875 -5.756503582000732
nan nan nan
nan nan nan
nan nan nan
-0.0767944902181625 -0.0139626339077949 -0.0349065847694873
1.421964168548584 -7.923772811889648 -6.335095882415772
nan nan nan
nan nan nan
nan nan nan
-0.0436332300305366 -0.162315621972084 0.0296705961227417
0.990471601486206 -7.943386077880859 -6.158576011657715
nan nan nan
nan nan nan
nan nan nan
-0.0785398185253143 -0.0785398185253143 -0.0034906584769487
0.8727918267250061 -7.923772811889648 -6.246835708618164
nan nan nan
nan nan nan
nan nan nan
-0.0593411922454834 0.0418879017233848 0.0523598790168762
0.8825984597206116 -8.267005920410156 -6.756781578063965
nan nan nan
nan nan nan
nan nan nan
-0.0017453292384743 0.0069813169538974 0.0523598790168762
0.7747253179550171 -8.384685516357422 -7.031367778778076
nan nan nan
nan nan nan
nan nan nan
0.2146755009889602 -0.1745329201221466 0.0226892791688442
0.8825984597206116 -8.482751846313477 -6.531228542327881
nan nan nan
nan nan nan
nan nan nan
0.1047197580337524 -0.1396263390779495 -0.0349065847694873
0.9218250513076782 -8.316039085388184 -6.433162212371826
nan nan nan
nan nan nan
nan nan nan
-0.0610865242779254 -0.0436332300305366 -0.0785398185253143
0.6570455431938171 -8.296425819396973 -6.492002010345459
nan nan nan
nan nan nan
nan nan nan
0.0471238903701305 0.0104719754308462 -0.0418879017233848
0.9022117853164672 -8.090486526489258 -6.354709148406982
nan nan nan
nan nan nan
nan nan nan
0.0471238903701305 0.0104719754308462 -0.0418879017233848
0.9022117853164672 -8.090486526489258 -6.354709148406982
nan nan nan
nan nan nan
nan nan nan
0.1047197580337524 0.094247780740261 0.0279252678155899
0.9120184183120728 -7.806093215942383 -6.246835708618164
nan nan nan
nan nan nan
nan nan nan
0.2059488445520401 0.1064650863409042 0.0855211317539215
0.9022117853164672 -7.482473850250244 -5.638823509216309
nan nan nan
nan nan nan
nan nan nan
0.1274090409278869 0.1308996975421905 0.0645771846175193
0.9512450098991394 -7.570733547210693 -5.393657207489014
nan nan nan
nan nan nan
nan nan nan
0.0087266461923718 0.0872664600610733 0.0610865242779254
0.7747253179550171 -7.85512638092041 -5.80553674697876
nan nan nan
nan nan nan
nan nan nan
0.0087266461923718 0.0872664600610733 0.0610865242779254
0.7747253179550171 -7.85512638092041 -5.80553674697876
nan nan nan
nan nan nan
nan nan nan
-0.0261799395084381 0.0174532923847436 0.0506145469844341
0.5589790344238281 -8.178746223449707 -6.129156112670898
nan nan nan
nan nan nan
nan nan nan
0.0471238903701305 0.0261799395084381 0.0
0.6178189516067505 -8.306232452392578 -6.109542846679688
nan nan nan
nan nan nan
nan nan nan
0.1239183768630027 0.0052359877154231 0.0069813169538974
0.9512450098991394 -8.45333194732666 -5.854569911956787
nan nan nan
nan nan nan
nan nan nan
0.1151917278766632 0.0139626339077949 0.0017453292384743
1.059118151664734 -8.168939590454102 -5.883989810943604
nan nan nan
nan nan nan
nan nan nan
0.1239183768630027 -0.0034906584769487 0.0052359877154231
0.9022117853164672 -8.178746223449707 -5.638823509216309
nan nan nan
nan nan nan
nan nan nan
-0.1937315464019775 0.0 -0.0872664600610733
0.8433718681335449 -8.168939590454102 -5.629016876220703
nan nan nan
nan nan nan
nan nan nan
-0.2914699912071228 0.0506145469844341 -0.0785398185253143
0.9512450098991394 -8.080678939819336 -6.021283149719238
nan nan nan
nan nan nan
nan nan nan
-0.3089232742786407 0.0087266461923718 -0.0925024524331092
0.9512450098991394 -7.943386077880859 -6.178189277648926
nan nan nan
nan nan nan
nan nan nan
-0.3228859007358551 -0.0959931090474128 -0.0872664600610733
0.8531785011291504 -7.629573345184326 -5.982056140899658
nan nan nan
nan nan nan
nan nan nan
-0.3193952441215515 -0.0506145469844341 -0.0977384373545646
0.7747253179550171 -7.502087116241455 -6.2566423416137695
nan nan nan
nan nan nan
nan nan nan
-0.3159045875072479 -0.1047197580337524 -0.1884955614805221
1.1964112520217896 -7.227500915527344 -5.933022975921631
nan nan nan
nan nan nan
nan nan nan
-0.4468042850494385 -0.1117010712623596 -0.1361356824636459
1.382737636566162 -7.335373878479004 -6.442968845367432
nan nan nan
nan nan nan
nan nan nan
-0.406661719083786 -0.1937315464019775 -0.0785398185253143
1.3337043523788452 -7.315760612487793 -6.580262184143066
nan nan nan
nan nan nan
nan nan nan
-0.2844886779785156 -0.2670353651046753 -0.0436332300305366
0.8335652351379395 -7.217694282531738 -7.080400943756104
nan nan nan
nan nan nan
nan nan nan
-0.171042263507843 -0.1937315464019775 -0.1448623239994049
0.990471601486206 -7.335373878479004 -6.805814743041992
nan nan nan
nan nan nan
nan nan nan
-0.1413716673851013 -0.1396263390779495 -0.1274090409278869
1.3042844533920288 -7.384407043457031 -6.717555046081543
nan nan nan
nan nan nan
nan nan nan
0.0767944902181625 -0.1937315464019775 -0.1134463995695114
1.235637903213501 -7.080400943756104 -7.070594310760498
nan nan nan
nan nan nan
nan nan nan
-0.0977384373545646 -0.0296705961227417 0.0226892791688442
1.45138418674469 -7.345180511474609 -6.001669883728027
nan nan nan
nan nan nan
nan nan nan
-0.0802851468324661 -0.0506145469844341 0.1204277202486991
0.9610517024993896 -7.423634052276611 -7.247114181518555
nan nan nan
nan nan nan
nan nan nan
0.2321287840604782 -0.1413716673851013 0.0750491544604301
0.9610517024993896 -7.207887649536133 -6.854848384857178
nan nan nan
nan nan nan
nan nan nan
0.2321287840604782 -0.0610865242779254 0.0418879017233848
0.9120184183120728 -7.227500915527344 -6.227222442626953
nan nan nan
nan nan nan
nan nan nan
-0.0523598790168762 0.0418879017233848 -0.0698131695389747
1.3238977193832395 -7.335373878479004 -6.050703048706055
nan nan nan
nan nan nan
nan nan nan
0.0174532923847436 -0.1047197580337524 0.0087266461923718
0.9512450098991394 -7.1588544845581055 -6.16838264465332
nan nan nan
nan nan nan
nan nan nan
-0.1239183768630027 -0.0087266461923718 -0.1308996975421905
1.019891619682312 -7.354987144470215 -6.384129047393799
nan nan nan
nan nan nan
nan nan nan
-0.0767944902181625 -0.1396263390779495 -0.2111848443746566
1.2454445362091064 -7.168661117553711 -6.727361679077148
nan nan nan
nan nan nan
nan nan nan
-0.0767944902181625 -0.1396263390779495 -0.2111848443746566
1.2454445362091064 -7.168661117553711 -6.727361679077148
nan nan nan
nan nan nan
nan nan nan
-0.0959931090474128 -0.2286381274461746 -0.2914699912071228
1.5494506359100342 -7.217694282531738 -6.354709148406982
nan nan nan
nan nan nan
nan nan nan
-0.2286381274461746 -0.2181661576032638 -0.2827433347702026
1.4709974527359009 -7.198081016540527 -7.080400943756104
nan nan nan
nan nan nan
nan nan nan
-0.0418879017233848 -0.342084527015686 -0.1919862180948257
1.4906107187271118 -7.433440685272217 -7.36479377746582
nan nan nan
nan nan nan
nan nan nan
0.1047197580337524 -0.4136430323123932 -0.2059488445520401
1.0885381698608398 -7.119627952575684 -6.560648918151856
nan nan nan
nan nan nan
nan nan nan
0.0872664600610733 -0.3979350626468658 -0.2286381274461746
1.0885381698608398 -7.119627952575684 -6.560648918151856
nan nan nan
nan nan nan
nan nan nan
-0.0296705961227417 -0.2635447084903717 -0.2897246479988098
0.9512450098991394 -7.25692081451416 -6.8940749168396
nan nan nan
nan nan nan
nan nan nan
0.1239183768630027 -0.4188790321350097 -0.3874630928039551
0.6668521761894226 -6.982334613800049 -6.796008110046387
nan nan nan
nan nan nan
nan nan nan
0.0610865242779254 -0.3612831532955169 -0.3508111834526062
0.9120184183120728 -7.247114181518555 -6.943108081817627
nan nan nan
nan nan nan
nan nan nan
0.2670353651046753 -0.4852015376091003 -0.3630284667015075
0.8041452765464783 -7.1588544845581055 -6.746974945068359
nan nan nan
nan nan nan
nan nan nan
0.2757620215415954 -0.5009095072746277 -0.3228859007358551
0.5982056260108948 -7.315760612487793 -6.393935680389404
nan nan nan
nan nan nan
nan nan nan
0.2111848443746566 -0.4206243455410003 -0.3700098097324371
0.4511058926582336 -6.943108081817627 -7.080400943756104
nan nan nan
nan nan nan
nan nan nan
0.2111848443746566 -0.4206243455410003 -0.3700098097324371
0.4511058926582336 -6.943108081817627 -7.080400943756104
nan nan nan
nan nan nan
nan nan nan
0.2146755009889602 -0.3351032137870788 -0.4223696887493133
0.9806649684906006 -7.521700382232666 -6.697941780090332
nan nan nan
nan nan nan
nan nan nan
0.1134463995695114 -0.3700098097324371 -0.4276056587696075
1.421964168548584 -7.178467750549316 -6.354709148406982
nan nan nan
nan nan nan
nan nan nan
0.0837758034467697 -0.3979350626468658 -0.2321287840604782
0.725692093372345 -7.266727447509766 -6.796008110046387
nan nan nan
nan nan nan
nan nan nan
0.0506145469844341 -0.4328416585922241 -0.2722713649272918
0.5295590758323669 -7.00194787979126 -6.384129047393799
nan nan nan
nan nan nan
nan nan nan
0.0506145469844341 -0.4328416585922241 -0.2722713649272918
0.5295590758323669 -7.00194787979126 -6.384129047393799
nan nan nan
nan nan nan
nan nan nan
-0.1186823844909668 -0.4031710624694824 -0.3263765573501587
0.627625584602356 -7.129434585571289 -6.697941780090332
nan nan nan
nan nan nan
nan nan nan
-0.0209439508616924 -0.4450589418411255 -0.3193952441215515
0.5295590758323669 -7.36479377746582 -6.982334613800049
nan nan nan
nan nan nan
nan nan nan
0.0436332300305366 -0.5270894169807434 -0.343829870223999
0.5982056260108948 -7.266727447509766 -7.031367778778076
nan nan nan
nan nan nan
nan nan nan
-0.1500983089208603 -0.4014257192611694 -0.2914699912071228
0.6570455431938171 -7.354987144470215 -6.452775478363037
nan nan nan
nan nan nan
nan nan nan
-0.1134463995695114 -0.3769911229610443 -0.2670353651046753
0.8433718681335449 -7.394214153289795 -6.9136881828308105
nan nan nan
nan nan nan
nan nan nan
0.0139626339077949 -0.3630284667015075 -0.2234021425247192
0.4216859340667724 -7.217694282531738 -6.756781578063965
nan nan nan
nan nan nan
nan nan nan
0.0139626339077949 -0.3630284667015075 -0.2234021425247192
0.4216859340667724 -7.217694282531738 -6.756781578063965
nan nan nan
nan nan nan
nan nan nan
-0.0698131695389747 -0.171042263507843 -0.2530727386474609
0.8041452765464783 -7.129434585571289 -6.854848384857178
nan nan nan
nan nan nan
nan nan nan
0.0785398185253143 -0.2321287840604782 -0.2024581879377365
0.5982056260108948 -7.266727447509766 -6.982334613800049
nan nan nan
nan nan nan
nan nan nan
-0.0558505356311798 -0.0645771846175193 -0.0767944902181625
0.5785923600196838 -7.423634052276611 -6.590068817138672
nan nan nan
nan nan nan
nan nan nan
0.0645771846175193 -0.0680678412318229 0.0296705961227417
0.5785923600196838 -7.531507015228271 -6.854848384857178
nan nan nan
nan nan nan
nan nan nan
0.162315621972084 -0.0872664600610733 0.0104719754308462
0.2353595942258834 -7.433440685272217 -6.629295349121094
nan nan nan
nan nan nan
nan nan nan
-0.0506145469844341 -0.0523598790168762 -0.0209439508616924
0.4412992298603058 -7.3059539794921875 -6.305675983428955
nan nan nan
nan nan nan
nan nan nan
-0.0506145469844341 -0.0523598790168762 -0.0209439508616924
0.4412992298603058 -7.3059539794921875 -6.305675983428955
nan nan nan
nan nan nan
nan nan nan
-0.1047197580337524 -0.0872664600610733 -0.0715584978461265
0.4511058926582336 -7.178467750549316 -6.9136881828308105
nan nan nan
nan nan nan
nan nan nan
0.1151917278766632 -0.0471238903701305 -0.171042263507843
1.098344802856445 -7.168661117553711 -7.178467750549316
nan nan nan
nan nan nan
nan nan nan
0.1274090409278869 -0.0209439508616924 -0.1448623239994049
1.255251169204712 -7.207887649536133 -6.943108081817627
nan nan nan
nan nan nan
nan nan nan
-0.1012290939688682 -0.1099557429552078 0.0959931090474128
0.156906396150589 -6.982334613800049 -6.815621376037598
nan nan nan
nan nan nan
nan nan nan
-0.0959931090474128 -0.1570796370506286 -0.0872664600610733
0.313812792301178 -7.060787677764893 -6.080122947692871
nan nan nan
nan nan nan
nan nan nan
-0.1361356824636459 0.0296705961227417 -0.0506145469844341
1.0885381698608398 -7.296147346496582 -6.8940749168396
nan nan nan
nan nan nan
nan nan nan
-0.1361356824636459 0.0296705961227417 -0.0506145469844341
1.0885381698608398 -7.296147346496582 -6.8940749168396
nan nan nan
nan nan nan
nan nan nan
0.1204277202486991 -0.1239183768630027 0.0139626339077949
0.8041452765464783 -7.060787677764893 -6.678328514099121
nan nan nan
nan nan nan
nan nan nan
-0.1047197580337524 -0.0296705961227417 -0.0767944902181625
0.4903324842453003 -7.129434585571289 -6.442968845367432
nan nan nan
nan nan nan
nan nan nan
-0.1047197580337524 -0.0296705961227417 -0.0767944902181625
0.4903324842453003 -7.129434585571289 -6.442968845367432
nan nan nan
nan nan nan
nan nan nan
0.0 -0.1570796370506286 -0.2548180818557739
0.4707191884517669 -7.031367778778076 -6.746974945068359
nan nan nan
nan nan nan
nan nan nan
-0.094247780740261 -0.2199114859104156 -0.3525564968585968
0.4020726382732391 -6.903881549835205 -6.854848384857178
nan nan nan
nan nan nan
nan nan nan
0.0 -0.3839724361896515 -0.3228859007358551
1.206217885017395 -7.10982084274292 -6.609682083129883
nan nan nan
nan nan nan
nan nan nan
0.0 -0.3839724361896515 -0.3228859007358551
1.2258312702178955 -7.178467750549316 -6.580262184143066
nan nan nan
nan nan nan
nan nan nan
-0.0645771846175193 -0.3892084062099457 -0.359537810087204
0.627625584602356 -7.276534080505371 -7.296147346496582
nan nan nan
nan nan nan
nan nan nan
-0.0436332300305366 -0.3508111834526062 -0.3193952441215515
1.667130470275879 -7.580540180206299 -7.080400943756104
nan nan nan
nan nan nan
nan nan nan
-0.0436332300305366 -0.3508111834526062 -0.3193952441215515
1.667130470275879 -7.580540180206299 -7.080400943756104
nan nan nan
nan nan nan
nan nan nan
0.2635447084903717 -0.3839724361896515 -0.2373647689819336
0.6668521761894226 -6.884268283843994 -7.972806453704834
nan nan nan
nan nan nan
nan nan nan
0.0471238903701305 -0.1117010712623596 -0.3193952441215515
0.5295590758323669 -6.805814743041992 -7.021561145782471
nan nan nan
nan nan nan
nan nan nan
-0.0872664600610733 -0.0785398185253143 -0.4590215981006622
0.5491724014282227 -6.580262184143066 -6.40374231338501
nan nan nan
nan nan nan
nan nan nan
-0.0872664600610733 -0.0785398185253143 -0.4590215981006622
0.5491724014282227 -6.580262184143066 -6.40374231338501
nan nan nan
nan nan nan
nan nan nan
-0.1326450258493423 0.0034906584769487 -0.2583087384700775
0.6864655017852783 -6.8940749168396 -6.835235118865967
nan nan nan
nan nan nan
nan nan nan
0.1448623239994049 0.0959931090474128 -0.1134463995695114
0.8727918267250061 -6.884268283843994 -7.207887649536133
nan nan nan
nan nan nan
nan nan nan
0.1448623239994049 0.0959931090474128 -0.1134463995695114
0.8727918267250061 -6.884268283843994 -7.207887649536133
nan nan nan
nan nan nan
nan nan nan
0.4468042850494385 -0.2024581879377365 0.0349065847694873
0.3824593424797058 -7.031367778778076 -6.29586935043335
nan nan nan
nan nan nan
nan nan nan
0.3106686174869537 -0.2408554404973983 -0.0610865242779254
0.4511058926582336 -7.090207576751709 -5.687856674194336
nan nan nan
nan nan nan
nan nan nan
-0.1919862180948257 -0.0523598790168762 -0.1239183768630027
0.9022117853164672 -7.384407043457031 -6.952914714813232
nan nan nan
nan nan nan
nan nan nan
-0.1919862180948257 -0.0523598790168762 -0.1239183768630027
0.9022117853164672 -7.384407043457031 -6.952914714813232
nan nan nan
nan nan nan
nan nan nan
0.0523598790168762 -0.1850049048662185 -0.0383972451090812
0.509945809841156 -7.502087116241455 -7.139241218566895
nan nan nan
nan nan nan
nan nan nan
0.1378810107707977 -0.2181661576032638 -0.0296705961227417
0.1372931003570556 -7.345180511474609 -6.7077484130859375
nan nan nan
nan nan nan
nan nan nan
0.1186823844909668 -0.2321287840604782 -0.0279252678155899
0.1372931003570556 -7.345180511474609 -6.7077484130859375
nan nan nan
nan nan nan
nan nan nan
-0.0383972451090812 -0.0349065847694873 -0.0750491544604301
0.1961329877376556 -7.3059539794921875 -7.090207576751709
nan nan nan
nan nan nan
nan nan nan
0.1239183768630027 -0.2268927991390228 -0.0523598790168762
0.5295590758323669 -7.335373878479004 -6.982334613800049
nan nan nan
nan nan nan
nan nan nan
-0.0802851468324661 -0.1483529806137085 -0.0296705961227417
0.313812792301178 -7.168661117553711 -6.796008110046387
nan nan nan
nan nan nan
nan nan nan
-0.0802851468324661 -0.1483529806137085 -0.0296705961227417
0.313812792301178 -7.168661117553711 -6.796008110046387
nan nan nan
nan nan nan
nan nan nan
-0.1047197580337524 -0.2059488445520401 -0.0209439508616924
0.5785923600196838 -7.227500915527344 -6.393935680389404
nan nan nan
nan nan nan
nan nan nan
0.0506145469844341 -0.343829870223999 -0.1448623239994049
0.4903324842453003 -7.266727447509766 -6.992141246795654
nan nan nan
nan nan nan
nan nan nan
0.0785398185253143 -0.3630284667015075 -0.153588980436325
0.627625584602356 -7.266727447509766 -6.943108081817627
nan nan nan
nan nan nan
nan nan nan
0.1047197580337524 -0.2181661576032638 -0.1064650863409042
0.8433718681335449 -7.10982084274292 -7.1588544845581055
nan nan nan
nan nan nan
nan nan nan
0.1047197580337524 -0.2181661576032638 -0.1064650863409042
0.8433718681335449 -7.10982084274292 -7.1588544845581055
nan nan nan
nan nan nan
nan nan nan
0.2408554404973983 -0.3612831532955169 -0.1099557429552078
0.6570455431938171 -7.070594310760498 -6.16838264465332
nan nan nan
nan nan nan
nan nan nan
0.0436332300305366 -0.2460914254188537 -0.153588980436325
0.6668521761894226 -7.276534080505371 -6.335095882415772
nan nan nan
nan nan nan
nan nan nan
-0.0017453292384743 -0.1850049048662185 -0.1378810107707977
0.4020726382732391 -7.247114181518555 -6.815621376037598
nan nan nan
nan nan nan
nan nan nan
0.2373647689819336 -0.2583087384700775 -0.1675516068935394
0.2745862007141113 -7.443247318267822 -6.619488716125488
nan nan nan
nan nan nan
nan nan nan
-0.0296705961227417 -0.4328416585922241 -0.1274090409278869
0.156906396150589 -7.36479377746582 -6.531228542327881
nan nan nan
nan nan nan
nan nan nan
-0.0296705961227417 -0.4328416585922241 -0.1274090409278869
0.156906396150589 -7.36479377746582 -6.531228542327881
nan nan nan
nan nan nan
nan nan nan
-0.0767944902181625 -0.2408554404973983 -0.3525564968585968
-0.3432327508926391 -7.198081016540527 -7.060787677764893
nan nan nan
nan nan nan
nan nan nan
0.0523598790168762 -0.2635447084903717 -0.3316125571727752
0.4216859340667724 -6.972527980804443 -6.4821953773498535
nan nan nan
nan nan nan
nan nan nan
-0.1204277202486991 -0.2111848443746566 -0.0872664600610733
0.4020726382732391 -7.433440685272217 -6.570455551147461
nan nan nan
nan nan nan
nan nan nan
-0.1204277202486991 -0.2111848443746566 -0.0872664600610733
0.4020726382732391 -7.433440685272217 -6.570455551147461
nan nan nan
nan nan nan
nan nan nan
0.171042263507843 -0.29845130443573 -0.2234021425247192
-0.6570455431938171 -7.482473850250244 -7.276534080505371
nan nan nan
nan nan nan
nan nan nan
0.2373647689819336 -0.2827433347702026 -0.3455751836299896
-0.2745862007141113 -7.472667217254639 -6.089929580688477
nan nan nan
nan nan nan
nan nan nan
0.1972222030162811 -0.2757620215415954 -0.3490658402442932
-0.254972904920578 -7.482473850250244 -5.982056140899658
nan nan nan
nan nan nan
nan nan nan
-0.0785398185253143 -0.153588980436325 -0.2548180818557739
-0.254972904920578 -7.49228048324585 -6.8940749168396
nan nan nan
nan nan nan
nan nan nan
0.2146755009889602 -0.179768905043602 -0.2199114859104156
0.2745862007141113 -7.619766712188721 -6.815621376037598
nan nan nan
nan nan nan
nan nan nan
0.0680678412318229 -0.162315621972084 -0.0349065847694873
0.1863263398408889 -7.482473850250244 -5.844763278961182
nan nan nan
nan nan nan
nan nan nan
0.0680678412318229 -0.162315621972084 -0.0349065847694873
0.1863263398408889 -7.482473850250244 -5.844763278961182
nan nan nan
nan nan nan
nan nan nan
-0.0767944902181625 -0.1047197580337524 -0.0052359877154231
-0.1667130440473556 -7.678606986999512 -6.442968845367432
nan nan nan
nan nan nan
nan nan nan
0.1221730485558509 -0.0261799395084381 -0.094247780740261
0.1961329877376556 -7.717833518981934 -6.805814743041992
nan nan nan
nan nan nan
nan nan nan
0.1448623239994049 -0.0261799395084381 -0.0977384373545646
0.1961329877376556 -7.717833518981934 -6.805814743041992
nan nan nan
nan nan nan
nan nan nan
0.0645771846175193 -0.0034906584769487 -0.0296705961227417
0.7453053593635559 -7.502087116241455 -5.766310214996338
nan nan nan
nan nan nan
nan nan nan
0.0104719754308462 -0.0209439508616924 0.0174532923847436
0.6374322175979614 -7.580540180206299 -6.021283149719238
nan nan nan
nan nan nan
nan nan nan
-0.1047197580337524 0.0139626339077949 0.0558505356311798
-0.0392265990376472 -7.443247318267822 -7.10982084274292
nan nan nan
nan nan nan
nan nan nan
-0.0209439508616924 -0.162315621972084 -0.0296705961227417
0.254972904920578 -7.531507015228271 -5.629016876220703
nan nan nan
nan nan nan
nan nan nan
-0.3141592741012573 -0.0052359877154231 -0.1012290939688682
0.0686465501785278 -7.482473850250244 -6.746974945068359
nan nan nan
nan nan nan
nan nan nan
-0.3141592741012573 -0.0052359877154231 -0.1012290939688682
0.0686465501785278 -7.482473850250244 -6.746974945068359
nan nan nan
nan nan nan
nan nan nan
-0.0209439508616924 0.0523598790168762 -0.0855211317539215
0.7649186849594116 -7.786479949951172 -7.00194787979126
nan nan nan
nan nan nan
nan nan nan
0.3926990926265716 0.0471238903701305 0.1012290939688682
0.2941994965076446 -7.629573345184326 -6.805814743041992
nan nan nan
nan nan nan
nan nan nan
0.4747295379638672 0.0087266461923718 0.0558505356311798
0.0980664938688278 -7.453053951263428 -6.541035175323486
nan nan nan
nan nan nan
nan nan nan
0.4276056587696075 -0.0052359877154231 -0.0349065847694873
0.509945809841156 -7.433440685272217 -5.579983711242676
nan nan nan
nan nan nan
nan nan nan
0.0017453292384743 0.0698131695389747 -0.094247780740261
0.4020726382732391 -7.531507015228271 -6.521421909332275
nan nan nan
nan nan nan
nan nan nan
0.0104719754308462 0.0279252678155899 -0.10297442227602
0.4020726382732391 -7.531507015228271 -6.521421909332275
nan nan nan
nan nan nan
nan nan nan
0.0715584978461265 -0.1658062785863876 -0.0383972451090812
0.6864655017852783 -7.531507015228271 -5.442690849304199
nan nan nan
nan nan nan
nan nan nan
-0.1762782484292984 -0.0017453292384743 -0.0087266461923718
0.2353595942258834 -7.717833518981934 -6.3154826164245605
nan nan nan
nan nan nan
nan nan nan
-0.1588249653577804 -0.0139626339077949 -0.0296705961227417
0.2353595942258834 -7.717833518981934 -6.3154826164245605
nan nan nan
nan nan nan
nan nan nan
0.1117010712623596 -0.1448623239994049 -0.1483529806137085
0.4511058926582336 -7.580540180206299 -6.3154826164245605
nan nan nan
nan nan nan
nan nan nan
0.1361356824636459 -0.2827433347702026 -0.2234021425247192
0.6668521761894226 -7.531507015228271 -6.021283149719238
nan nan nan
nan nan nan
nan nan nan
0.0558505356311798 -0.3630284667015075 -0.3281219005584717
0.4216859340667724 -7.531507015228271 -6.442968845367432
nan nan nan
nan nan nan
nan nan nan
0.0558505356311798 -0.3630284667015075 -0.3281219005584717
0.4216859340667724 -7.531507015228271 -6.442968845367432
nan nan nan
nan nan nan
nan nan nan
0.0104719754308462 -0.4537855982780456 -0.4188790321350097
0.8531785011291504 -7.668799877166748 -6.070316314697266
nan nan nan
nan nan nan
nan nan nan
0.0436332300305366 -0.6527531147003174 -0.3961897492408752
0.7747253179550171 -7.796286582946777 -6.354709148406982
nan nan nan
nan nan nan
nan nan nan
0.0436332300305366 -0.6527531147003174 -0.3961897492408752
0.7747253179550171 -7.796286582946777 -6.354709148406982
nan nan nan
nan nan nan
nan nan nan
-0.0349065847694873 -0.3333578705787658 -0.2443460971117019
0.1372931003570556 -7.521700382232666 -6.982334613800049
nan nan nan
nan nan nan
nan nan nan
0.4537855982780456 -0.6021385788917542 -0.2705260217189789
0.0392265990376472 -7.560926914215088 -6.021283149719238
nan nan nan
nan nan nan
nan nan nan
0.2268927991390228 -0.5288347601890564 -0.2583087384700775
-0.0098066497594118 -7.570733547210693 -5.540757179260254
nan nan nan
nan nan nan
nan nan nan
0.2268927991390228 -0.5288347601890564 -0.2583087384700775
0.0196132995188236 -7.619766712188721 -5.530950546264648
nan nan nan
nan nan nan
nan nan nan
-0.0785398185253143 -0.3577924966812134 -0.171042263507843
0.0392265990376472 -8.061065673828125 -6.227222442626953
nan nan nan
nan nan nan
nan nan nan
0.2146755009889602 -0.4572762548923492 -0.1937315464019775
-0.6374322175979614 -8.119906425476074 -6.158576011657715
nan nan nan
nan nan nan
nan nan nan
0.2146755009889602 -0.4572762548923492 -0.1937315464019775
-0.6374322175979614 -8.119906425476074 -6.158576011657715
nan nan nan
nan nan nan
nan nan nan
-0.0959931090474128 -0.2722713649272918 -0.2321287840604782
-0.4020726382732391 -8.25719928741455 -6.178189277648926
nan nan nan
nan nan nan
nan nan nan
0.0017453292384743 -0.2373647689819336 -0.1919862180948257
-0.4020726382732391 -7.972806453704834 -6.119349479675293
nan nan nan
nan nan nan
nan nan nan
0.0471238903701305 -0.2460914254188537 -0.179768905043602
-0.4511058926582336 -7.943386077880859 -6.001669883728027
nan nan nan
nan nan nan
nan nan nan
0.1308996975421905 -0.359537810087204 -0.162315621972084
-0.2941994965076446 -7.698220252990723 -4.8542914390563965
nan nan nan
nan nan nan
nan nan nan
-0.3019419610500335 -0.2181661576032638 -0.1308996975421905
-0.2353595942258834 -7.923772811889648 -5.472110748291016
nan nan nan
nan nan nan
nan nan nan
-0.3019419610500335 -0.2181661576032638 -0.1308996975421905
-0.2353595942258834 -7.923772811889648 -5.472110748291016
nan nan nan
nan nan nan
nan nan nan
-0.0523598790168762 -0.1745329201221466 -0.1134463995695114
0.0 -8.168939590454102 -6.2762556076049805
nan nan nan
nan nan nan
nan nan nan
0.0767944902181625 -0.0802851468324661 -0.0052359877154231
-0.1765196919441223 -8.031645774841309 -6.16838264465332
nan nan nan
nan nan nan
nan nan nan
0.0767944902181625 -0.0802851468324661 -0.0052359877154231
-0.1765196919441223 -8.031645774841309 -6.16838264465332
nan nan nan
nan nan nan
nan nan nan
-0.0296705961227417 -0.0680678412318229 -0.0890117883682251
-0.0294199492782354 -8.041452407836914 -5.403463840484619
nan nan nan
nan nan nan
nan nan nan
-0.1762782484292984 -0.0837758034467697 -0.0977384373545646
0.0882598459720611 -8.159132957458496 -5.893796443939209
nan nan nan
nan nan nan
nan nan nan
-0.3612831532955169 0.0104719754308462 -0.0872664600610733
-0.1667130440473556 -7.7570600509643555 -7.080400943756104
nan nan nan
nan nan nan
nan nan nan
-0.0680678412318229 -0.1012290939688682 -0.0767944902181625
-0.0392265990376472 -7.580540180206299 -6.2762556076049805
nan nan nan
nan nan nan
nan nan nan
0.1396263390779495 -0.1239183768630027 0.0610865242779254
-0.0686465501785278 -7.443247318267822 -5.20733118057251
nan nan nan
nan nan nan
nan nan nan
-0.0855211317539215 -0.0872664600610733 -0.0174532923847436
-0.4707191884517669 -7.36479377746582 -5.864376544952393
nan nan nan
nan nan nan
nan nan nan
-0.2548180818557739 -0.0872664600610733 -0.1012290939688682
0.127486452460289 -7.7570600509643555 -6.756781578063965
nan nan nan
nan nan nan
nan nan nan
-0.1308996975421905 -0.162315621972084 0.0279252678155899
-0.1667130440473556 -7.766866683959961 -6.884268283843994
nan nan nan
nan nan nan
nan nan nan
0.0209439508616924 -0.1186823844909668 -0.0855211317539215
-0.0980664938688278 -7.521700382232666 -6.668521881103516
nan nan nan
nan nan nan
nan nan nan
0.0209439508616924 -0.1186823844909668 -0.0855211317539215
-0.0980664938688278 -7.521700382232666 -6.668521881103516
nan nan nan
nan nan nan
nan nan nan
0.0872664600610733 -0.1239183768630027 -0.1413716673851013
0.156906396150589 -7.443247318267822 -6.609682083129883
nan nan nan
nan nan nan
nan nan nan
0.1064650863409042 -0.2321287840604782 -0.0261799395084381
0.0588398985564708 -7.521700382232666 -5.972249507904053
nan nan nan
nan nan nan
nan nan nan
-0.0349065847694873 -0.2356194406747818 -0.094247780740261
-0.313812792301178 -7.668799877166748 -6.492002010345459
nan nan nan
nan nan nan
nan nan nan
-0.1378810107707977 -0.2356194406747818 -0.2199114859104156
0.0 -7.609960079193115 -6.668521881103516
nan nan nan
nan nan nan
nan nan nan
-0.1378810107707977 -0.2356194406747818 -0.2199114859104156
0.0 -7.609960079193115 -6.668521881103516
nan nan nan
nan nan nan
nan nan nan
-0.0279252678155899 -0.3054326176643371 -0.2844886779785156
-0.1176797971129417 -7.74725341796875 -6.864655017852783
nan nan nan
nan nan nan
nan nan nan
0.1117010712623596 -0.3089232742786407 -0.2670353651046753
0.1667130440473556 -7.580540180206299 -6.40374231338501
nan nan nan
nan nan nan
nan nan nan
-0.0925024524331092 -0.2460914254188537 -0.153588980436325
-0.2843928337097168 -7.698220252990723 -6.217415809631348
nan nan nan
nan nan nan
nan nan nan
0.0610865242779254 -0.3787364363670349 -0.2373647689819336
-0.5295590758323669 -7.521700382232666 -6.29586935043335
nan nan nan
nan nan nan
nan nan nan
0.0383972451090812 -0.2879793345928192 -0.2635447084903717
-0.0294199492782354 -7.472667217254639 -5.834956645965576
nan nan nan
nan nan nan
nan nan nan
0.0296705961227417 -0.3804817795753479 -0.1762782484292984
-0.1961329877376556 -7.629573345184326 -6.305675983428955
nan nan nan
nan nan nan
nan nan nan
0.0 -0.3403392136096954 -0.162315621972084
-0.6178189516067505 -7.639379978179932 -6.335095882415772
nan nan nan
nan nan nan
nan nan nan
-0.0139626339077949 -0.3019419610500335 -0.1832595765590667
-0.4707191884517669 -7.639379978179932 -6.031089782714844
nan nan nan
nan nan nan
nan nan nan
-0.0506145469844341 -0.2321287840604782 -0.1832595765590667
-0.509945809841156 -7.786479949951172 -6.2762556076049805
nan nan nan
nan nan nan
nan nan nan
0.0872664600610733 -0.3525564968585968 -0.2111848443746566
-0.5982056260108948 -7.845319747924805 -6.442968845367432
nan nan nan
nan nan nan
nan nan nan
0.1500983089208603 -0.3089232742786407 -0.1570796370506286
-0.509945809841156 -7.943386077880859 -5.883989810943604
nan nan nan
nan nan nan
nan nan nan
0.1675516068935394 -0.3176499307155609 -0.1308996975421905
-0.8825984597206116 -7.943386077880859 -6.119349479675293
nan nan nan
nan nan nan
nan nan nan
0.1675516068935394 -0.3700098097324371 -0.1675516068935394
-0.990471601486206 -7.953193187713623 -6.246835708618164
nan nan nan
nan nan nan
nan nan nan
0.0279252678155899 -0.3001966178417206 -0.1884955614805221
-0.509945809841156 -7.815899848937988 -5.864376544952393
nan nan nan
nan nan nan
nan nan nan
0.0034906584769487 -0.2844886779785156 -0.1832595765590667
-0.3824593424797058 -7.7570600509643555 -5.589790344238281
nan nan nan
nan nan nan
nan nan nan
-0.1239183768630027 -0.2583087384700775 -0.0645771846175193
-0.7649186849594116 -8.031645774841309 -5.942829608917236
nan nan nan
nan nan nan
nan nan nan
-0.0471238903701305 -0.2111848443746566 -0.0767944902181625
-1.1669913530349731 -8.168939590454102 -6.864655017852783
nan nan nan
nan nan nan
nan nan nan
0.2094395160675048 -0.2460914254188537 -0.1588249653577804
-0.8041452765464783 -8.090486526489258 -6.560648918151856
nan nan nan
nan nan nan
nan nan nan
0.2844886779785156 -0.1937315464019775 -0.0680678412318229
-0.2745862007141113 -7.806093215942383 -5.442690849304199
nan nan nan
nan nan nan
nan nan nan
-0.2059488445520401 -0.0785398185253143 0.0191986225545406
-0.5589790344238281 -7.806093215942383 -5.158297538757324
nan nan nan
nan nan nan
nan nan nan
-0.2583087384700775 -0.0645771846175193 -0.1884955614805221
-0.9512450098991394 -7.806093215942383 -7.472667217254639
nan nan nan
nan nan nan
nan nan nan
-0.1291543692350387 -0.1064650863409042 -0.2111848443746566
-0.4511058926582336 -7.678606986999512 -6.776394844055176
nan nan nan
nan nan nan
nan nan nan
-0.0261799395084381 -0.0802851468324661 -0.0052359877154231
-0.4903324842453003 -7.74725341796875 -5.638823509216309
nan nan nan
nan nan nan
nan nan nan
-0.171042263507843 -0.0209439508616924 0.1117010712623596
-1.4709974527359009 -7.727640151977539 -5.638823509216309
nan nan nan
nan nan nan
nan nan nan
-0.1361356824636459 0.0383972451090812 -0.1291543692350387
-0.9512450098991394 -7.815899848937988 -6.9333014488220215
nan nan nan
nan nan nan
nan nan nan
-0.0034906584769487 0.0506145469844341 -0.1308996975421905
-0.5982056260108948 -7.815899848937988 -6.943108081817627
nan nan nan
nan nan nan
nan nan nan
0.1099557429552078 0.0383972451090812 -0.094247780740261
-0.3824593424797058 -7.668799877166748 -6.393935680389404
nan nan nan
nan nan nan
nan nan nan
-0.1134463995695114 0.1308996975421905 -0.0436332300305366
-0.4511058926582336 -7.482473850250244 -6.207609176635742
nan nan nan
nan nan nan
nan nan nan
-0.1221730485558509 0.0610865242779254 -0.0418879017233848
-0.4511058926582336 -7.580540180206299 -6.521421909332275
nan nan nan
nan nan nan
nan nan nan
-0.0296705961227417 0.0034906584769487 0.0104719754308462
-0.5491724014282227 -7.619766712188721 -6.442968845367432
nan nan nan
nan nan nan
nan nan nan
0.0069813169538974 -0.0139626339077949 0.0174532923847436
-0.7354987263679504 -7.619766712188721 -6.335095882415772
nan nan nan
nan nan nan
nan nan nan
-0.0174532923847436 -0.0069813169538974 -0.0785398185253143
-0.6864655017852783 -7.482473850250244 -6.050703048706055
nan nan nan
nan nan nan
nan nan nan
-0.0855211317539215 -0.1134463995695114 -0.0767944902181625
-0.4020726382732391 -7.619766712188721 -6.639101982116699
nan nan nan
nan nan nan
nan nan nan
0.0191986225545406 -0.2495820820331573 -0.0349065847694873
-0.4412992298603058 -7.560926914215088 -6.384129047393799
nan nan nan
nan nan nan
nan nan nan
-0.0104719754308462 -0.2286381274461746 -0.0034906584769487
-0.4707191884517669 -7.443247318267822 -6.031089782714844
nan nan nan
nan nan nan
nan nan nan
-0.094247780740261 -0.1762782484292984 -0.0226892791688442
-0.627625584602356 -7.541313648223877 -6.4821953773498535
nan nan nan
nan nan nan
nan nan nan
-0.0139626339077949 -0.2722713649272918 -0.1413716673851013
-0.6668521761894226 -7.619766712188721 -6.805814743041992
nan nan nan
nan nan nan
nan nan nan
0.0750491544604301 -0.3141592741012573 -0.1972222030162811
-0.0588398985564708 -7.590346813201904 -6.217415809631348
nan nan nan
nan nan nan
nan nan nan
0.0209439508616924 -0.2583087384700775 -0.171042263507843
-0.0588398985564708 -7.482473850250244 -6.246835708618164
nan nan nan
nan nan nan
nan nan nan
0.0471238903701305 -0.1937315464019775 -0.2059488445520401
-0.6374322175979614 -7.49228048324585 -6.835235118865967
nan nan nan
nan nan nan
nan nan nan
0.3141592741012573 -0.4031710624694824 -0.2617993950843811
-0.6962721347808838 -7.619766712188721 -6.580262184143066
nan nan nan
nan nan nan
nan nan nan
0.2722713649272918 -0.4729842245578766 -0.2111848443746566
-0.0980664938688278 -7.4040207862854 -5.344624042510986
nan nan nan
nan nan nan
nan nan nan
-0.1361356824636459 -0.2897246479988098 0.0191986225545406
-1.019891619682312 -7.629573345184326 -6.492002010345459
nan nan nan
nan nan nan
nan nan nan
0.0890117883682251 -0.3612831532955169 -0.0349065847694873
-1.3238977193832395 -7.815899848937988 -6.8940749168396
nan nan nan
nan nan nan
nan nan nan
0.4293510019779205 -0.4886921942234039 -0.1326450258493423
-1.0885381698608398 -7.943386077880859 -6.080122947692871
nan nan nan
nan nan nan
nan nan nan
0.0139626339077949 -0.2460914254188537 -0.0959931090474128
-0.313812792301178 -7.786479949951172 -5.3053975105285645
nan nan nan
nan nan nan
nan nan nan
-0.1117010712623596 -0.2827433347702026 -0.0314159244298934
-1.343510985374451 -7.815899848937988 -6.29586935043335
nan nan nan
nan nan nan
nan nan nan
0.0104719754308462 -0.4206243455410003 -0.1186823844909668
-1.5690639019012451 -7.894352912902832 -6.354709148406982
nan nan nan
nan nan nan
nan nan nan
0.0977384373545646 -0.4572762548923492 -0.1762782484292984
-1.402350902557373 -7.766866683959961 -6.031089782714844
nan nan nan
nan nan nan
nan nan nan
0.0680678412318229 -0.4555309414863586 -0.2059488445520401
-1.2258312702178955 -7.727640151977539 -5.57017707824707
nan nan nan
nan nan nan
nan nan nan
-0.0383972451090812 -0.3769911229610443 -0.2094395160675048
-1.098344802856445 -7.923772811889648 -5.57017707824707
nan nan nan
nan nan nan
nan nan nan
-0.0785398185253143 -0.3700098097324371 -0.1291543692350387
-1.255251169204712 -8.208166122436523 -6.080122947692871
nan nan nan
nan nan nan
nan nan nan
0.0785398185253143 -0.3281219005584717 -0.0977384373545646
-1.2258312702178955 -8.178746223449707 -5.883989810943604
nan nan nan
nan nan nan
nan nan nan
0.1221730485558509 -0.2408554404973983 -0.0785398185253143
-1.5494506359100342 -8.208166122436523 -6.031089782714844
nan nan nan
nan nan nan
nan nan nan
0.2146755009889602 -0.2111848443746566 -0.153588980436325
-1.2454445362091064 -8.306232452392578 -5.530950546264648
nan nan nan
nan nan nan
nan nan nan
0.1291543692350387 -0.1204277202486991 -0.1064650863409042
-1.0493115186691284 -8.139519691467285 -5.256364345550537
nan nan nan
nan nan nan
nan nan nan
0.0261799395084381 -0.0191986225545406 -0.0471238903701305
-1.1571847200393677 -8.061065673828125 -5.246557712554932
nan nan nan
nan nan nan
nan nan nan
0.0645771846175193 -0.1326450258493423 -0.0104719754308462
-1.5004174709320068 -8.227779388427734 -5.364237308502197
nan nan nan
nan nan nan
nan nan nan
0.0052359877154231 -0.1308996975421905 0.0139626339077949
-1.6082905530929563 -8.178746223449707 -5.128877639770508
nan nan nan
nan nan nan
nan nan nan
-0.1937315464019775 0.0296705961227417 -0.0296705961227417
-1.3337043523788452 -8.12971305847168 -5.040617942810059
nan nan nan
nan nan nan
nan nan nan
-0.2234021425247192 0.0471238903701305 -0.0296705961227417
-1.696550369262695 -8.286619186401367 -6.531228542327881
nan nan nan
nan nan nan
nan nan nan
0.0383972451090812 -0.0279252678155899 -0.1134463995695114
-0.6668521761894226 -7.335373878479004 -5.070037841796875
nan nan nan
nan nan nan
nan nan nan
-0.0471238903701305 -0.0104719754308462 0.0017453292384743
-1.098344802856445 -7.619766712188721 -5.344624042510986
nan nan nan
nan nan nan
nan nan nan
-0.0349065847694873 -0.0174532923847436 0.0087266461923718
-1.421964168548584 -7.678606986999512 -5.442690849304199
nan nan nan
nan nan nan
nan nan nan
0.0383972451090812 -0.0680678412318229 -0.0349065847694873
-1.206217885017395 -7.992419719696045 -5.521143913269043
nan nan nan
nan nan nan
nan nan nan
-0.0349065847694873 -0.0017453292384743 -0.0139626339077949
-1.019891619682312 -8.306232452392578 -6.16838264465332
nan nan nan
nan nan nan
nan nan nan
0.0 -0.0314159244298934 -0.0261799395084381
-1.255251169204712 -8.345458984375 -6.717555046081543
nan nan nan
nan nan nan
nan nan nan
0.0 -0.0314159244298934 -0.0261799395084381
-1.255251169204712 -8.345458984375 -6.717555046081543
nan nan nan
nan nan nan
nan nan nan
0.0855211317539215 -0.2757620215415954 -0.0523598790168762
-1.0689247846603394 -8.031645774841309 -5.354430675506592
nan nan nan
nan nan nan
nan nan nan
0.0785398185253143 -0.2757620215415954 -0.1151917278766632
-1.1767979860305786 -8.12971305847168 -5.638823509216309
nan nan nan
nan nan nan
nan nan nan
0.0872664600610733 -0.29845130443573 -0.1675516068935394
-1.059118151664734 -8.168939590454102 -5.354430675506592
nan nan nan
nan nan nan
nan nan nan
0.0767944902181625 -0.2635447084903717 -0.2373647689819336
-1.0689247846603394 -8.25719928741455 -5.57017707824707
nan nan nan
nan nan nan
nan nan nan
0.1972222030162811 -0.3926990926265716 -0.3839724361896515
-0.9120184183120728 -8.247392654418945 -5.619210243225098
nan nan nan
nan nan nan
nan nan nan
-0.1972222030162811 -0.3455751836299896 -0.1448623239994049
-0.4903324842453003 -8.061065673828125 -4.903325080871582
nan nan nan
nan nan nan
nan nan nan
-0.2146755009889602 -0.3612831532955169 -0.1099557429552078
-2.245722770690918 -8.031645774841309 -6.2566423416137695
nan nan nan
nan nan nan
nan nan nan
0.0436332300305366 -0.4415682852268219 -0.3001966178417206
-1.7651969194412231 -7.904159545898437 -5.256364345550537
nan nan nan
nan nan nan
nan nan nan
0.0471238903701305 -0.4136430323123932 -0.3961897492408752
-1.0689247846603394 -7.972806453704834 -4.766031742095947
nan nan nan
nan nan nan
nan nan nan
-0.0837758034467697 -0.3455751836299896 -0.3525564968585968
-0.5982056260108948 -7.953193187713623 -5.0798444747924805
nan nan nan
nan nan nan
nan nan nan
-0.0436332300305366 -0.3752457797527313 -0.1658062785863876
-1.235637903213501 -8.12971305847168 -6.031089782714844
nan nan nan
nan nan nan
nan nan nan
0.0593411922454834 -0.4904375076293945 -0.0855211317539215
-1.421964168548584 -8.178746223449707 -5.550563812255859
nan nan nan
nan nan nan
nan nan nan
-0.0191986225545406 -0.404916375875473 -0.1448623239994049
-2.245722770690918 -8.394492149353027 -5.20733118057251
nan nan nan
nan nan nan
nan nan nan
-0.0349065847694873 -0.4572762548923492 -0.2827433347702026
-1.863263487815857 -8.443525314331055 -5.295590877532959
nan nan nan
nan nan nan
nan nan nan
-0.1221730485558509 -0.4188790321350097 -0.3159045875072479
-1.1571847200393677 -8.404298782348633 -5.0798444747924805
nan nan nan
nan nan nan
nan nan nan
-0.1483529806137085 -0.3874630928039551 -0.2286381274461746
-1.2846710681915283 -8.45333194732666 -5.354430675506592
nan nan nan
nan nan nan
nan nan nan
-0.0925024524331092 -0.3804817795753479 -0.1378810107707977
-1.45138418674469 -8.492558479309082 -5.491724014282227
nan nan nan
nan nan nan
nan nan nan
-0.0506145469844341 -0.2757620215415954 -0.0785398185253143
-1.6769371032714844 -8.502365112304688 -5.530950546264648
nan nan nan
nan nan nan
nan nan nan
0.0977384373545646 -0.4014257192611694 -0.0610865242779254
-2.118236303329468 -8.708305358886719 -5.501530647277832
nan nan nan
nan nan nan
nan nan nan
0.0977384373545646 -0.3525564968585968 -0.0785398185253143
-1.9221034049987795 -8.531785011291504 -5.57017707824707
nan nan nan
nan nan nan
nan nan nan
-0.0296705961227417 -0.2408554404973983 -0.0750491544604301
-1.9907499551773071 -8.110099792480469 -4.942551612854004
nan nan nan
nan nan nan
nan nan nan
-0.29845130443573 -0.0925024524331092 -0.0977384373545646
-1.8534568548202517 -8.119906425476074 -5.001391410827637
nan nan nan
nan nan nan
nan nan nan
0.0052359877154231 0.0174532923847436 -0.1151917278766632
-1.3533176183700562 -8.168939590454102 -5.550563812255859
nan nan nan
nan nan nan
nan nan nan
0.0104719754308462 0.2286381274461746 -0.0471238903701305
-1.1277647018432615 -8.178746223449707 -5.638823509216309
nan nan nan
nan nan nan
nan nan nan
0.0314159244298934 0.280998021364212 -0.0890117883682251
-1.2846710681915283 -7.982613086700439 -6.2762556076049805
nan nan nan
nan nan nan
nan nan nan
0.1937315464019775 0.1099557429552078 -0.1012290939688682
-0.9610517024993896 -7.845319747924805 -5.550563812255859
nan nan nan
nan nan nan
nan nan nan
0.2234021425247192 0.0209439508616924 -0.0802851468324661
-0.8433718681335449 -7.864933013916016 -4.403185844421387
nan nan nan
nan nan nan
nan nan nan
0.0750491544604301 -0.0802851468324661 -0.0645771846175193
-0.6668521761894226 -7.904159545898437 -3.893239974975586
nan nan nan
nan nan nan
nan nan nan
-0.2897246479988098 0.0349065847694873 -0.0104719754308462
-1.1571847200393677 -8.521978378295898 -5.6780500411987305
nan nan nan
nan nan nan
nan nan nan
0.0139626339077949 -0.2111848443746566 -0.0436332300305366
-0.9120184183120728 -8.678885459899902 -5.903603076934815
nan nan nan
nan nan nan
nan nan nan
0.1134463995695114 -0.2705260217189789 -0.0436332300305366
-0.7649186849594116 -8.54159164428711 -5.638823509216309
nan nan nan
nan nan nan
nan nan nan
0.0698131695389747 -0.2286381274461746 -0.0610865242779254
-0.7354987263679504 -8.306232452392578 -5.256364345550537
nan nan nan
nan nan nan
nan nan nan
-0.0209439508616924 -0.2408554404973983 -0.094247780740261
-1.019891619682312 -8.208166122436523 -5.3053975105285645
nan nan nan
nan nan nan
nan nan nan
-0.1762782484292984 -0.3141592741012573 -0.2460914254188537
-1.010084867477417 -8.345458984375 -5.854569911956787
nan nan nan
nan nan nan
nan nan nan
-0.1762782484292984 -0.3176499307155609 -0.2670353651046753
-1.0296982526779177 -8.306232452392578 -6.031089782714844
nan nan nan
nan nan nan
nan nan nan
-0.0645771846175193 -0.296705961227417 -0.3490658402442932
-0.6668521761894226 -8.25719928741455 -5.442690849304199
nan nan nan
nan nan nan
nan nan nan
-0.1570796370506286 -0.3525564968585968 -0.179768905043602
-1.235637903213501 -8.031645774841309 -5.491724014282227
nan nan nan
nan nan nan
nan nan nan
-0.1850049048662185 -0.3176499307155609 -0.1675516068935394
-1.5592572689056396 -7.982613086700439 -5.795730113983154
nan nan nan
nan nan nan
nan nan nan
-0.0087266461923718 -0.4886921942234039 -0.2321287840604782
-0.9512450098991394 -7.796286582946777 -5.521143913269043
nan nan nan
nan nan nan
nan nan nan
-0.0558505356311798 -0.4188790321350097 -0.2111848443746566
-1.0296982526779177 -8.031645774841309 -5.138684272766113
nan nan nan
nan nan nan
nan nan nan
-0.0349065847694873 -0.4398229718208313 -0.1745329201221466
-1.402350902557373 -8.159132957458496 -5.089651107788086
nan nan nan
nan nan nan
nan nan nan
0.0104719754308462 -0.5113814473152161 -0.2356194406747818
-1.8240368366241453 -8.119906425476074 -5.579983711242676
nan nan nan
nan nan nan
nan nan nan
-0.0279252678155899 -0.4817108809947967 -0.2722713649272918
-1.1277647018432615 -8.217972755432129 -5.344624042510986
nan nan nan
nan nan nan
nan nan nan
-0.1413716673851013 -0.3787364363670349 -0.2094395160675048
-0.990471601486206 -8.423912048339844 -5.530950546264648
nan nan nan
nan nan nan
nan nan nan
-0.0087266461923718 -0.3001966178417206 -0.153588980436325
-1.637710452079773 -8.07087230682373 -5.65843677520752
nan nan nan
nan nan nan
nan nan nan
-0.0349065847694873 -0.2321287840604782 -0.1134463995695114
-1.421964168548584 -8.12971305847168 -5.442690849304199
nan nan nan
nan nan nan
nan nan nan
0.0436332300305366 -0.2286381274461746 -0.0506145469844341
-1.7161637544631958 -8.25719928741455 -5.707469940185547
nan nan nan
nan nan nan
nan nan nan
0.2111848443746566 -0.2460914254188537 -0.0296705961227417
-1.5690639019012451 -8.394492149353027 -5.0798444747924805
nan nan nan
nan nan nan
nan nan nan
0.2373647689819336 -0.2617993950843811 -0.0436332300305366
-1.637710452079773 -8.423912048339844 -4.756225109100342
nan nan nan
nan nan nan
nan nan nan
-0.0349065847694873 -0.2268927991390228 -0.0017453292384743
-1.3925442695617676 -8.227779388427734 -4.873904705047607
nan nan nan
nan nan nan
nan nan nan
-0.1047197580337524 -0.1884955614805221 -0.0052359877154231
-1.9024900197982788 -8.492558479309082 -5.629016876220703
nan nan nan
nan nan nan
nan nan nan
-0.0436332300305366 -0.1884955614805221 -0.0436332300305366
-2.039783239364624 -8.580818176269531 -5.756503582000732
nan nan nan
nan nan nan
nan nan nan
-0.0558505356311798 -0.1413716673851013 -0.1239183768630027
-1.098344802856445 -8.443525314331055 -5.65843677520752
nan nan nan
nan nan nan
nan nan nan
-0.1326450258493423 0.0680678412318229 -0.0872664600610733
-1.4906107187271118 -8.168939590454102 -6.129156112670898
nan nan nan
nan nan nan
nan nan nan
0.0139626339077949 -0.0610865242779254 -0.0017453292384743
-1.2258312702178955 -7.845319747924805 -4.579705238342285
nan nan nan
nan nan nan
nan nan nan
-0.0802851468324661 0.0017453292384743 0.0872664600610733
-1.6769371032714844 -8.080678939819336 -4.71699857711792
nan nan nan
nan nan nan
nan nan nan
-0.1500983089208603 0.0418879017233848 0.1064650863409042
-2.0299766063690186 -8.031645774841309 -5.158297538757324
nan nan nan
nan nan nan
nan nan nan
-0.0017453292384743 0.0523598790168762 -0.153588980436325
-1.402350902557373 -8.031645774841309 -5.815343379974365
nan nan nan
nan nan nan
nan nan nan
0.0471238903701305 0.0750491544604301 -0.2181661576032638
-0.9120184183120728 -7.923772811889648 -5.442690849304199
nan nan nan
nan nan nan
nan nan nan
0.0855211317539215 0.0523598790168762 -0.1919862180948257
-0.6668521761894226 -8.394492149353027 -5.491724014282227
nan nan nan
nan nan nan
nan nan nan
-0.0052359877154231 0.0296705961227417 -0.0750491544604301
-0.9120184183120728 -8.54159164428711 -5.80553674697876
nan nan nan
nan nan nan
nan nan nan
0.0837758034467697 -0.2373647689819336 0.1588249653577804
-1.8436501026153564 -8.423912048339844 -5.776116847991943
nan nan nan
nan nan nan
nan nan nan
0.3612831532955169 -0.3141592741012573 -0.0034906584769487
-0.2745862007141113 -8.571011543273926 -4.560091972351074
nan nan nan
nan nan nan
nan nan nan
0.1500983089208603 -0.1884955614805221 0.0349065847694873
-1.0296982526779177 -8.580818176269531 -5.295590877532959
nan nan nan
nan nan nan
nan nan nan
0.1274090409278869 -0.3455751836299896 -0.1047197580337524
-1.2846710681915283 -8.198359489440918 -4.677772045135498
nan nan nan
nan nan nan
nan nan nan
-0.0279252678155899 -0.3263765573501587 -0.0418879017233848
-1.3337043523788452 -8.168939590454102 -4.903325080871582
nan nan nan
nan nan nan
nan nan nan
-0.2007128596305847 -0.4852015376091003 0.0698131695389747
-1.9122966527938845 -7.943386077880859 -5.177911281585693
nan nan nan
nan nan nan
nan nan nan
-0.2670353651046753 -0.4310963153839111 -0.0855211317539215
-1.9907499551773071 -8.002225875854492 -5.217137813568115
nan nan nan
nan nan nan
nan nan nan
-0.0698131695389747 -0.4590215981006622 -0.296705961227417
-1.8436501026153564 -8.492558479309082 -5.246557712554932
nan nan nan
nan nan nan
nan nan nan
0.0296705961227417 -0.5340707302093506 -0.1937315464019775
-2.392822504043579 -8.659272193908691 -4.8542914390563965
nan nan nan
nan nan nan
nan nan nan
0.0698131695389747 -0.6632251143455505 -0.1239183768630027
-2.814508438110352 -8.571011543273926 -4.265892505645752
nan nan nan
nan nan nan
nan nan nan
-0.0349065847694873 -0.6579891443252563 -0.0191986225545406
-3.236194372177124 -8.286619186401367 -4.560091972351074
nan nan nan
nan nan nan
nan nan nan
0.0087266461923718 -0.719075620174408 -0.1308996975421905
-2.8341217041015625 -8.198359489440918 -4.913131713867188
nan nan nan
nan nan nan
nan nan nan
-0.2670353651046753 -0.4886921942234039 -0.0872664600610733
-2.7458620071411133 -8.531785011291504 -4.805258274078369
nan nan nan
nan nan nan
nan nan nan
-0.2286381274461746 -0.3979350626468658 -0.1675516068935394
-2.6085689067840576 -8.580818176269531 -5.266170978546143
nan nan nan
nan nan nan
nan nan nan
-0.0872664600610733 -0.450294941663742 -0.2268927991390228
-2.343789339065552 -8.443525314331055 -5.050424575805664
nan nan nan
nan nan nan
nan nan nan
0.0523598790168762 -0.4136430323123932 -0.2635447084903717
-1.8044235706329343 -8.247392654418945 -4.667965412139893
nan nan nan
nan nan nan
nan nan nan
-0.1308996975421905 -0.094247780740261 -0.1500983089208603
-1.9613299369812007 -8.306232452392578 -4.97197151184082
nan nan nan
nan nan nan
nan nan nan
-0.0471238903701305 -0.171042263507843 -0.1117010712623596
-2.186882972717285 -8.394492149353027 -5.256364345550537
nan nan nan
nan nan nan
nan nan nan
0.0925024524331092 -0.0558505356311798 -0.0837758034467697
-1.8926833868026731 -8.198359489440918 -5.001391410827637
nan nan nan
nan nan nan
nan nan nan
0.0977384373545646 -0.0069813169538974 -0.0785398185253143
-2.2555294036865234 -8.482751846313477 -4.766031742095947
nan nan nan
nan nan nan
nan nan nan
0.0698131695389747 -0.0523598790168762 -0.0314159244298934
-2.020169734954834 -8.56120491027832 -4.60912561416626
nan nan nan
nan nan nan
nan nan nan
-0.1274090409278869 0.2617993950843811 0.2321287840604782
-2.324176073074341 -8.973084449768066 -5.3053975105285645
nan nan nan
nan nan nan
nan nan nan
0.2460914254188537 0.0767944902181625 0.1413716673851013
-2.510502338409424 -8.757338523864746 -5.442690849304199
nan nan nan
nan nan nan
nan nan nan
0.3926990926265716 0.0296705961227417 0.0209439508616924
-2.3830158710479736 -8.54159164428711 -4.60912561416626
nan nan nan
nan nan nan
nan nan nan
0.3351032137870788 0.0471238903701305 -0.0767944902181625
-2.314369440078736 -8.316039085388184 -4.010919570922852
nan nan nan
nan nan nan
nan nan nan
-0.1204277202486991 0.3961897492408752 -0.2914699912071228
-1.2454445362091064 -7.49228048324585 -2.971414804458618
nan nan nan
nan nan nan
nan nan nan
-0.7016223669052124 0.7888888120651245 -0.2635447084903717
-0.5589790344238281 -7.139241218566895 -3.2852277755737305
nan nan nan
nan nan nan
nan nan nan
-1.076868176460266 0.8709192872047424 -0.1500983089208603
-1.7750035524368286 -7.590346813201904 -6.756781578063965
nan nan nan
nan nan nan
nan nan nan
-0.7155849933624268 0.6021385788917542 -0.3525564968585968
-1.3140910863876345 -7.49228048324585 -6.472388744354248
nan nan nan
nan nan nan
nan nan nan
-0.4310963153839111 0.3525564968585968 -0.3700098097324371
-1.098344802856445 -7.717833518981934 -6.4821953773498535
